193151000
273046888
271960042
50215817
273536931
74021317
188940817
189643105
26114399
109017985
262837213
271442564
73183407
73179948
175553052
174301838
52789367
69764541
174444163
73207240
249009518
170352283
96421099
105617716
113406962
121635154
147920903
3954355
73787185
117254517
42230121
46240929
117238177
143217512
72882553
195801653
157432544
197719874
121635152
97594364
190861557
196515658
193151000
194959173
72459686
195969664
8885999
68585576
106863963
145288029
111285062
85763211
194960721
3304875
10095276
271960042
50215817
273536931
262837213
271442564
113530805
168283405
161008715
54614797
3639597
73183407
73179948
175553052
249009518
19706553
4780917
17336364
71345381
197344455
92859698
52849993
20087624
74426139
2933463
170352283
10005245
8885995
184466860
52788072
161008717
114937969
78598381
161310103
15267827
196932307
104612965
49747007
54266567
76388962
187338036
53720978
168373800
57325187
171556602
195801686
77774625
75307228
197344441
3014291
19792256
106318762
109505434
90622579
104769768
106185389
20917699
193614514
112110014
7833728
69978860
197558907
173748415
80628929
147999778
138107485
103640412
91947689
195969669
168293266
196016785
103379147
174215347
72308265
197587856
5067169
56454897
196923457
70224520
74362508
23416722
3608625
197344439
74341297
82912488
7718737
184070223
27582931
139303869
140416370
72001057
76013378
157255752
195801662
8835159
127844385
181699664
148760924
194205608
59262880
192115858
196851308
167972598
107802183
21367457
173882437
94173458
120219394
192124399
179546672
185067342
173763072
108684605
85396163
163703151
196409700
55605170
76776245
52329763
3644267
105483727
194205620
124767703
105663942
179735872
195187480
171549981
273624916
154245455
69219919
158019962
195885688
8886007
100931416
71907876
540039
168234714
13333355
139567621
196422809
191920180
149089470
126743459
194960238
35191892
104741661
14508205
197781975
54422942
167210779
196016781
152740748
54748899
77105730
45902241
3608623
73878873
750578
87226756
57110087
12377498
185242031
170708233
196515661
57762732
158019964
191571494
187827003
53532186
183058543
17336360
196923451
378448
162844699
110448022
196515664
90887853
50414368
115266692
84970841
145289356
173865570
9948009
186237324
128649312
641906
274724185
179546078
145288026
86517373
104074997
2496281
197990865
73515859
11122712
130233544
168559521
102629318
7982628
155550591
35283863
179063952
11368965
828621
106864418
540040
194960244
179546070
52584834
191782162
193434490
194104216
73316977
56692532
196515668
174842858
66090079
21130350
126743464
176909221
2429811
130996082
52785564
111580006
22881852
195357772
11371249
52805060
147988185
159004131
196923452
160997378
25557704
95218451
190238356
66619715
195649312
50751279
193411736
79672197
186434700
57761618
157240665
85029033
162205263
143186001
1926761
141333746
137741275
14053724
70016690
66067655
195885685
67271338
3976835
196001691
193433626
108501279
160081250
69644752
186286187
100931414
13419678
104314401
195801644
184070221
193988323
49910019
1938915
52597663
48481763
13624088
7916685
45321594
100958457
168576295
145287904
184774173
155683832
129381090
50723822
90469338
145288031
17719702
119694726
197634201
113540576
136143567
160759005
143172597
170297937
32155084
179063564
195190275
44433397
153045603
100931418
50072452
176752838
198016656
148802202
54051752
160081252
197634252
195357776
96357336
197781977
182548592
1080002
48323805
100947274
197353391
274404957
243358535
179952621
196944533
90056907
626886
186091870
171057415
81323246
194104631
50475521
80657321
176550321
57870426
161245852
187622420
3737963
195649281
115478654
194104232
191148794
178483637
147058065
113655533
125528587
193433863
110448020
87959748
193434488
162181800
58695343
71090268
168662171
69644748
195885690
194457844
40933969
67491398
140416373
153521878
73222800
151994935
56697257
155550600
49317816
69764534
31509726
377644
106863962
66712456
45663008
108715084
94173462
63473605
195357782
95218447
2126103
107331062
99513994
194960730
95220861
109862191
36363381
173745189
193446628
112106439
103550551
76012203
162865518
117595535
274566783
130996088
129381098
394434
77900454
197558899
197558902
93734071
17881046
197119849
72680632
39228816
72744612
160548374
87959745
186578227
133599625
113540577
90985718
100947276
53722909
96616370
189657049
178294073
97561438
77621607
191045565
125776045
184466862
21130354
274607551
193590152
168662558
193605362
192909291
194104223
193896563
192048665
55506686
637390
93249197
20444622
197634260
80960198
197990871
197990867
197990869
174444205
56218385
381234
54624820
111582631
106605689
89179374
14645351
595724
87391039
195885680
77230663
59293803
77109209
10405966
100958444
54051754
52329861
54051756
189641379
192909304
46789754
149180057
187843301
124639646
116406678
76175424
10397239
81224320
162201947
190240560
140635217
194104226
140360874
10383904
190708154
176654072
77105810
58342212
105614684
100347903
137161811
73125816
176906726
195801646
138226289
50685547
84950232
509829
45663835
180851000
72542509
10325548
144203242
62648441
148761077
196001724
193434494
193978836
168946125
193736891
15397971
130997085
115873770
49181801
197587849
174427255
78975610
95090804
72818335
196001693
197781968
148760915
152875147
95997783
171825201
13446508
165150439
55119955
185888686
54383647
87226754
177637709
195190272
189326210
160375101
75630595
76014598
156824943
74285820
4080373
186271356
101782486
73316970
53452969
195190103
9695881
193524292
121185870
52329765
195357774
73102465
20520720
10678954
196849403
196849389
196849406
196849409
37411897
113656455
124767712
34612056
167301575
32415084
63187280
148750882
73207098
1471887
40774181
179546074
197781971
50322710
44627532
75615273
273633981
191320058
176550203
109633951
193211309
545278
147920907
195980676
76105910
10767515
38223395
4255933
10397241
36854641
552393
106693398
189350061
184475053
196849396
196849393
196849400
74460137
5067167
76013370
192124393
10920495
176906754
187622581
104651900
95218547
103471709
75338644
140360872
100384412
59078520
196150482
193917227
139979524
109322300
188534368
95289208
95090643
116397449
192475873
186290802
5852521
22878271
184801142
88791130
54422996
19349145
3640421
1565657
190701644
129672282
2716247
196849405
145300494
136340700
196849394
185188826
91444567
57350380
184236581
77900446
274175495
2812299
131401030
198016673
12107394
197634255
186088879
57815506
73105037
73139676
167210783
100958526
192339426
181379116
196001721
155115301
111285050
76541999
22634335
190464440
69219921
11357193
92492870
196517619
3048355
186211127
191801175
8835165
53301006
9687409
88914965
135754581
76401055
190242074
193605374
186434701
197602047
58390336
171170802
188940825
2380007
68392386
193981038
107342987
113583126
90227346
8886005
45349383
193988321
188487640
109018530
170094968
95090377
187619074
173093792
13673970
185595374
170463582
58441509
77324132
87389629
75813201
142002263
193516681
335337
193981046
117035933
191506179
26593338
174038838
56878836
117681065
176473191
126853168
75403873
137241842
195801645
189371286
185024355
190214568
32192510
193684717
107802188
130314065
95090744
107363748
67477613
41131985
174377494
49249526
106788395
544731
140416366
178483666
149573910
23433003
191045569
4466841
142791749
126474205
142833449
971704
192125806
190701636
197629362
171549988
113655308
116835635
579823
96327064
142675354
1445365
192124401
95311757
193446626
174605333
192692368
50773990
106997685
185226873
136232535
137561095
273896677
175845415
53434797
197602052
55605172
98733259
181699672
110944248
188039858
106149744
193099631
197602124
187827390
187827443
3876677
83664156
169621659
162832796
23437685
139979522
105778970
11336581
106206473
187933551
57590002
188663311
43859629
192474352
56377199
897016
178514165
68570324
147802908
54433518
191571530
193917225
3640427
140635218
131879454
189641377
192677821
174449882
149257065
67991600
168367080
143185998
76278485
11806671
110965784
104315085
150956757
116158321
65786287
185889844
177736624
195291930
121372698
178032047
58971674
193605360
65008052
52798281
148802204
165030714
184782104
1734377
85923342
192909296
74981856
167686691
84950236
9490657
75636226
163165281
121185868
193525337
7644510
127077157
270665134
186202768
186265452
104273017
28292286
194457512
185435293
146223395
191571328
467896
114765005
105231736
69624539
184629090
187001113
184779709
110447680
13061338
157255019
110583137
185242029
49722650
447164
169621653
194205624
62648437
196204932
150783204
74608742
155049277
173650547
75953557
192788797
184466858
158641027
127203905
80141519
160488838
104074993
143226162
130233550
6915413
97825967
77982978
132355750
273645890
169262882
81437585
181656866
56373209
155463014
13101929
26272210
87960389
115897817
153521902
101801426
160081248
184774171
189940724
141483251
69337681
5154511
114689806
83432000
194110075
271536000
185410021
124767704
193513527
176550199
36727163
127654481
187009994
108261352
96366365
71880692
67040880
157432540
184226848
138269668
181379111
73795265
188694727
47323853
188536931
149942445
137751490
46009013
73810559
107409375
11347711
48592472
14100920
5112975
45438055
13065341
196395463
182149648
146988856
99992416
120357410
147920905
11508322
192339427
190705661
185500894
181699658
1029894
193450572
25203389
274145052
58627102
46723656
100202726
193895767
3526069
67712912
34751481
71094783
45321630
195959545
171212880
568762
176824204
188960732
155463025
114228620
115972858
72202103
193099629
5743603
185658131
168559524
40933973
89204253
95089986
55589742
68456842
191655864
138934620
148802194
66698344
171055469
38265901
67060012
138504809
159259322
58732189
190708149
187827433
172206434
22725674
176824199
59478514
173763066
8886001
51845986
1534613
11368983
143513113
74856421
197656790
165030729
193895769
50668886
7369223
194959693
192125793
71957923
181379287
110112108
58547334
191636255
2583023
197751561
143676192
46849710
181699688
191655862
57211757
123236564
186229224
101325467
70016676
106149739
92996206
185232575
2903309
15256884
145977548
194370754
160585830
56757447
195801705
152743081
194959695
48629547
464132
71898415
48362502
75601401
188128048
191919683
149534865
49002497
152743069
185500892
151597556
167149888
21146016
144779882
198016658
197634256
113656189
184419723
55119185
181122317
44976191
7958959
182736915
100947280
14655498
181802012
102893964
95090673
14136016
186265453
73685374
173364636
189765038
32219488
186578226
160370181
4978895
58067801
52788074
192733741
1362559
181974015
197652268
27971953
48329799
185409035
141472522
192909289
90679276
10379317
83396665
68049234
32720778
177569697
176831144
146271773
102832718
122869197
111582624
117254518
1007137
274630055
105614665
187827438
113540588
88592202
195521211
170490710
153518828
174605338
109298270
145092110
130230750
189643106
77900450
194197858
165700192
72542474
196518832
190705658
46259908
136539753
189557422
193981040
137241901
10244763
170345811
75697497
12533371
69621516
196001728
193177952
273714632
127377217
157468180
185055209
190242072
160585764
122812309
87149160
58067806
192048663
194179527
54614791
38436464
6482397
13797246
193896561
184334565
86267527
191926693
196394972
160585832
196305158
142833447
273401813
176909238
193441028
187843292
148008757
72667834
71149569
189326211
980770
76826978
598974
4077687
94132196
185408437
173481387
195827102
187827445
76531748
112332742
126742911
3152291
146225297
167940010
147220978
106365090
185854305
158235745
53563837
193512291
193450565
111537689
170706996
17719704
188381614
161383826
49204092
59618902
186578993
130863107
175724125
176906739
66398387
32490132
77539095
129766803
147988202
74277389
76737958
190859600
157540009
112333133
125362334
194205609
7804743
72027523
58828012
176132374
867314
151597210
273656715
164336681
188767663
4040663
55071991
186290792
13673964
197464901
14684952
192913462
188535073
8288935
190702862
58220389
72290296
80920029
347334
174444166
71553549
8149335
170708219
1029908
71990280
160585762
40750124
57587819
181928999
100958464
71957695
109654814
111537682
175956866
34708988
187889757
40433264
155351487
74616448
16284286
13673968
73684906
21031780
195969658
107492789
195479322
83162438
109982979
46240920
165038798
170434495
58462050
150711999
8011021
175833959
17530147
168181452
193684715
135552451
332626
259537049
197629358
169603497
101297001
148761075
189598539
194330233
191148968
46107068
76305752
167043770
193988316
191926650
10581200
5974545
150682463
177117486
164323204
74983567
87941401
147988196
152517438
99681443
187190670
68456844
51660434
146936894
166033485
176909246
173092689
193100617
101897983
69162885
714012
188128043
184781428
194130753
46755107
136753126
95090180
85242387
42180465
191353862
112588572
73222804
172800656
870619
190592917
520337
91120169
109982956
194959697
195801643
191148787
91774356
194370978
5087505
109982972
6807847
11413619
1544255
130997089
77481097
72688720
73553840
72688722
171821043
36311444
161426372
11119019
194457672
76117849
100382935
52691750
194209825
175967753
46107066
160814425
158972052
173420792
172422019
100376369
3840809
392568
11413616
49716241
178240555
1667307
195305999
171137376
196373994
42975887
26135056
273636756
59362973
197587848
105614549
58864689
176824198
72744539
7440075
178514167
598975
42877486
51215567
31515106
187933180
190705657
184075082
192048655
59395854
129765498
181131167
163553056
10971007
134846272
106770825
173135243
152522279
197353392
182548599
160371977
171549996
22881666
146272575
194206884
173425949
73116944
34750340
35410612
195661677
121236564
72470133
170298040
181699596
74235036
12081419
14683083
157054867
70540568
25729785
168559528
16422526
593709
77323488
193511913
19274771
195541265
173515430
273119845
115078652
173973552
13116553
272588674
146502516
109982974
34751670
1029852
91343895
41556498
173878382
22881827
182735416
186290800
11371241
4319337
148802195
186578233
8128223
154245459
185435297
163297416
110649726
194368597
172160196
14684312
105837988
82072617
63924629
427631
145977554
273718791
49252204
147964307
194103341
714023
188930498
75454261
82996527
19948893
47323978
191782142
730723
186265472
191926658
273714602
117106069
196394987
644081
17960478
273568395
107576379
193528494
190238358
192833921
58165559
189557421
193896500
111537683
7982626
1686729
12107379
192714730
194104629
111155169
190707619
11470936
55957270
7556499
41299102
46253703
14643411
95311763
157244522
73553827
15634588
386182
41299108
112331977
67120551
595726
557457
273634677
187859733
189076559
187859732
187279375
1732997
29190890
68350215
81499980
9687403
191045567
178240500
190701640
77281352
172175794
195288800
595738
196906879
74855017
192115854
13443851
584873
195623888
176132392
47273271
111271288
29290844
73717906
447670
2906447
138396005
51244265
111285054
5067155
67060010
80142837
36399672
19775321
165098800
76688366
22634351
111271564
191655860
186578228
191148802
74217686
196377993
82041440
188930500
394438
196305161
107773093
730782
189642774
66464344
10144818
192377680
174444190
180400055
59010153
13443886
105835879
1823525
185435307
644083
186290796
162837790
161930883
73268489
166525103
52332414
185903114
111165275
120509490
194959711
185243203
160754106
2651041
161929579
138934615
50269973
54616131
194104230
3529957
520330
981942
29830245
122848364
59043891
185243205
107034694
196022546
184781427
185653966
57870430
149409114
57318113
195801639
157019700
145144836
185786203
541248
77917794
32855400
195306005
192161603
179547036
169376042
195291853
15634596
581983
77988131
92096347
67120562
10694902
572247
170490622
147265098
47504724
195801321
195928317
104074530
52004412
71658956
76443018
94347312
69908762
56819709
67060014
10271803
176487508
13828940
173406524
185055210
59321997
59291594
59362963
197531553
49549966
50322534
145279201
19349136
186880675
73107479
191949999
114937975
183539215
192339430
72511282
150997930
185909452
83757985
186286174
69764547
68580163
71092794
186578985
63516905
16391543
186495460
193433940
195801673
188533804
75630589
173357306
18002162
186267247
148937423
164273180
966503
716891
8306438
16284262
93249305
110585283
196853079
108261354
75615221
2782635
181699638
57708766
76181976
196201375
173093879
62373311
105614631
91625816
192333857
2583037
11475738
43665704
170352757
73176340
53974339
44911496
52805069
173718231
19662170
66398385
191571444
5743619
27639410
1205103
27639420
34750208
157195845
31993279
90480255
193895765
176132390
189940682
185415267
194959710
186262546
1750249
4219547
13362558
187503389
89222118
170298048
167019786
75696174
157412117
19963125
165089915
73553837
170706992
20104310
190708160
174449880
34340291
48629535
27957156
53486723
16158716
48212494
169621651
171549938
129381392
3283713
44858499
11954630
184779711
860415
67835582
196830267
85258271
730678
199972960
105614601
176144899
100395623
50322156
1475793
186880508
190601856
73553846
68586415
193513016
167685123
2245453
83680361
4687535
174037877
165030720
171549998
2449681
192339908
15634598
182551495
59207573
531109
109960224
103390740
273119803
1029750
181131175
13527009
55605174
57520291
142791683
136684902
72225310
74217673
184779719
719930
2583035
78975579
3408331
19383404
106605687
21049645
196054990
15686499
136540009
184081012
73686632
39521136
595480
2601231
161426354
176824195
150838230
190605360
48659055
181997205
184790643
193513173
188551111
28285288
58444919
112331969
118124353
1028645
167148807
76776247
71156902
9688926
157169477
1534615
186265470
3136211
49747011
34749958
116397383
77111961
192583632
11743071
2583031
138342170
485326
102566681
56111649
22099041
192692429
58963727
462169
190194623
56094203
51348621
184594032
46332534
109310241
98355902
184476623
66452062
170094970
182541449
87569364
189161030
62686754
177312713
50246190
100285591
177564112
35924699
104935828
192398103
31375305
111059103
131497044
91343901
10392851
186575354
186290791
77105728
94383325
167019723
170298038
193897099
58063000
167034122
189558189
47339151
13105198
180396223
43341584
16564276
67477617
43341578
181920224
155106681
191782133
2430427
156968646
185055215
88979638
273643617
92993878
120460868
156821160
179735870
107707548
94347317
145092099
194205615
35473845
21130352
35761355
104273044
45299959
185854301
193701771
2612737
137694341
193450582
23134440
188930496
31219037
171549942
106365087
32921595
192339432
186880522
381274
115768007
109982964
576300
47161879
179952631
186237327
80927136
2583027
572546
159814614
645613
2469667
730580
165030731
184087030
145540463
2583033
13853115
10761049
26707903
186669701
58839915
191410859
36996379
185409456
182972777
8121460
5458537
23437828
48035293
1995037
48362492
177747013
145499994
56271593
169621664
74953479
175724209
166525107
173156781
192474344
159259017
189938281
87726331
273537705
41754180
195801299
112053760
195845908
48320740
176906756
197657395
17493916
2099189
188930494
270660229
110448030
21502913
136941173
170352966
9734633
56908132
8835539
52855109
109088709
34751487
1639671
1352355
270660740
1073276
58616751
966505
966501
161878354
137555857
190857214
45472472
87672638
87642541
447497
4439909